StandingSideCrunch 
last_path = [[0,0,0,0,0],[1,0,0,0,0],[0,1,0,0,0],[0,0,1,0,0],[0,0,0,1,0],[0,0,0,0,1],[1,1,0,0,0],[1,0,1,0,0],[1,0,0,1,0],
			 [1,0,0,0,1],[0,1,1,0,0],[0,1,0,1,0],[0,1,0,0,1],[0,0,1,1,0],[0,0,1,0,1],[0,0,0,1,1],[0,0,1,1,1],[0,1,0,1,1],
			 [0,1,1,0,1],[0,1,1,1,0],[1,0,0,1,1],[1,0,1,0,1],[1,0,1,1,0],[1,1,0,0,1],[1,1,0,1,0],[1,1,1,0,0],[0,1,1,0,0],
			 [1,0,1,1,1],[0,1,0,0,1],[0,1,1,0,0],[0,1,0,1,0],[0,1,0,0,1]]
prefix = [f"{i:03d}" for i in range(1, 33)]

StandingKneeUp 
last_path = [[0,0,0,0],[0,1,0,0],[1,0,0,0],[0,0,1,0],[0,0,0,1],[1,1,0,0],[0,1,1,0],[0,1,0,1],[1,0,1,0],[1,0,0,1],
			 [1,1,0,0],[1,0,1,0],[1,0,0,1],[1,1,0,0],[1,0,1,0],[1,0,0,1]]
prefix = [f"{i:03d}" for i in range(33, 49)]

BurpeeTest 	
last_path = [[0,0,0,0,0],[1,0,0,0,0],[0,1,0,0,0],[0,0,1,0,0],[0,0,0,1,0],[0,0,0,0,1],[1,0,0,1,0],[1,0,1,0,0],[1,0,0,1,0],
			 [1,0,0,0,1],[0,1,0,1,0],[0,0,1,0,0],[0,1,0,1,0],[0,0,0,0,0],[0,0,1,0,1],[0,0,0,1,1],[0,0,1,1,1],[0,1,0,1,1],
			 [0,1,1,0,1],[0,1,1,1,0],[0,0,0,0,1],[0,0,0,0,1],[0,1,0,1,0],[0,1,0,0,1],[0,0,0,1,1],[0,0,0,1,1],[1,0,0,0,1],
			 [1,0,0,0,1],[0,0,0,1,1],[0,0,0,1,1],[0,0,0,1,1],[0,0,0,1,1]]
prefix = [f"{i:03d}" for i in range(49, 81)]

StepForwardDynamicLunge 
last_path = [[0,0,0,0,0],[1,0,0,0,0],[0,1,0,0,0],[0,0,1,0,0],[0,0,0,1,0],[0,0,0,0,1],[1,1,0,0,0],[1,0,1,0,0],[1,0,0,1,0],
             [1,0,0,0,1],[0,1,1,0,0],[0,1,0,1,0],[0,1,0,1,1],[0,0,1,1,0],[0,0,1,0,1],[0,0,0,1,1],[0,0,1,1,1],[0,1,0,1,1],
             [0,0,0,1,1],[0,0,0,1,1],[0,0,0,0,0],[0,0,0,1,1],[0,0,0,1,0],[0,0,0,1,1],[0,0,0,1,1],[0,0,0,1,1],[1,0,0,1,0],
             [0,0,1,1,0],[0,0,0,0,0],[0,0,1,1,0],[1,0,0,1,0],[0,0,1,1,0]]
prefix = [f"{i:03d}" for i in range(81, 113)]

StepBackwardDynamicLunge 
last_path = [[0,0,0,0,0],[1,0,0,0,0],[0,1,0,0,0],[0,0,1,0,0],[0,0,0,1,0],[0,0,0,0,1],[1,1,0,0,0],[1,0,1,0,0],[1,0,1,0,0],
             [1,0,0,1,0],[1,0,0,0,1],[0,1,1,0,0],[0,1,0,1,0],[0,1,0,0,1],[0,0,1,1,0],[0,0,1,0,1],[0,0,0,1,1],[0,0,1,0,1],
             [0,1,0,1,1],[0,0,0,1,1],[0,0,0,1,1],[0,0,0,1,1],[0,0,0,1,1],[0,0,0,1,0],[0,0,0,1,0],[0,0,0,1,0],[0,0,0,1,0],
             [1,0,0,1,0],[0,0,1,1,0],[1,0,0,1,0],[0,0,1,1,0],[1,0,0,1,0]]
prefix = [f"{i:03d}" for i in range(113, 145)]

SideLunge 		
last_path = [[0,0,0,0,0],[1,0,0,0,0],[0,1,0,0,0],[0,0,1,0,0],[0,0,0,1,0],[0,0,0,0,1],[1,1,0,0,0],[1,0,1,0,0],[1,0,1,0,0],
			 [1,0,0,1,0],[1,0,0,0,1],[0,1,1,0,0],[0,1,0,1,1],[0,1,0,0,0],[0,0,1,1,1],[0,0,1,1,1],[0,0,0,1,1],[0,0,1,1,1],
			 [0,1,0,1,1],[0,0,0,1,1],[0,0,0,1,1],[0,0,0,1,1],[0,0,0,1,0],[0,0,0,1,0],[0,0,0,1,0],[0,0,0,1,0],[1,0,1,1,0],
			 [0,0,1,1,0],[1,0,0,1,0],[0,0,1,1,0],[1,0,0,1,0],[1,0,1,1,0]]
prefix = [f"{i:03d}" for i in range(145, 177)]

SideLunge 		
last_path = [[0,0,0,0,0],[1,0,0,0,0],[0,1,0,0,0],[0,0,1,0,0],[0,0,0,1,0],[0,0,0,0,1],[1,1,0,0,0],[1,0,1,0,0],[1,0,1,0,0],
			 [1,0,0,1,0],[1,0,0,0,1],[0,1,1,0,0],[0,1,0,1,1],[0,1,0,0,0],[0,0,1,1,1],[0,0,1,1,1],[0,0,0,1,1],[0,0,1,1,1],
			 [0,1,0,1,1],[0,0,0,1,1],[0,0,0,1,1],[0,0,0,1,1],[0,0,0,1,0],[0,0,0,1,0],[0,0,0,1,0],[0,0,0,1,0],[1,0,1,1,0],
			 [0,0,1,1,0],[1,0,0,1,0],[0,0,1,1,0],[1,0,0,1,0],[1,0,1,1,0]]
prefix = [f"{i:03d}" for i in range(145, 177)]
148->145, 152->라벨1, 153->라벨1, 156->라벨2, 159,160,162->라벨4,5, 171,176->라벨1,4, 172,174->라벨4

CrossLunge 		
last_path = [[0,0,0],[1,0,1],[0,1,0],[0,0,1],[1,1,0],[0,1,1],[1,0,1],[0,1,1]]
prefix = [f"{i:03d}" for i in range(177, 185)]

Goodmorning 	
last_path = [[0,0,0],[1,0,0],[0,1,0],[0,0,1],[1,1,0],[0,1,1],[1,0,1],[1,1,1]]
prefix = [f"{i:03d}" for i in range(185, 193)]

LyingLegRaise 	
last_path = [[0,0,0,0],[1,0,0,0],[0,1,0,0],[0,0,1,0],[0,0,0,1],[1,1,0,0],[1,0,1,0],[1,0,0,1],[0,1,1,0],[0,1,0,1],
			 [0,0,1,1],[0,1,1,1],[1,0,1,1],[1,1,0,1],[1,1,1,0],[1,1,1,1]]
prefix = [f"{i:03d}" for i in range(473, 489)]

Crunch 			
last_path = [[0,0,0,0],[1,0,0,0],[0,1,0,0],[0,0,1,0],[0,0,0,1],[1,1,0,0],[1,0,1,0],[1,0,0,1],[0,1,1,0],[0,1,0,1],
			 [0,0,1,1],[0,1,1,1],[1,0,1,1],[1,1,0,1],[1,1,1,0],[1,1,1,1]]
prefix = [f"{i:03d}" for i in range(489, 505)]

BicycleCrunch
last_path = [[0,0,0],[1,0,0],[0,1,0],[0,0,1],[1,1,0],[0,1,1],[1,0,1],[1,1,1]]
prefix = [f"{i:03d}" for i in range(505, 513)]

ScissorCross 	
last_path = [[0,0,0,0,0],[1,0,0,0,0],[0,1,0,0,0],[0,0,1,0,0],[0,0,0,1,0],[0,0,0,0,1],[1,1,0,0,0],[1,0,1,0,0],[1,0,0,1,0],
			 [1,0,0,0,1],[0,1,1,0,0],[0,1,0,1,0],[0,1,0,0,1],[0,0,1,1,0],[0,0,1,0,1],[0,0,0,1,1],[0,0,1,1,1],[0,1,0,1,1],
			 [0,1,1,0,1],[0,1,1,1,0],[1,0,0,1,1],[1,0,1,0,1],[1,0,1,1,0],[1,1,0,0,1],[1,1,0,1,0],[1,1,1,0,0],[0,1,1,1,1],
			 [1,0,1,1,1],[1,1,0,1,1],[1,1,1,0,1],[1,1,1,1,0],[1,1,1,1,1]]
prefix = [f"{i:03d}" for i in range(513, 545)]

HipThrust 		
last_path = [[0,0,0],[1,0,0],[0,1,0],[0,0,1],[1,1,0],[0,1,1],[1,0,1],[1,1,1]]
prefix = [f"{i:03d}" for i in range(545, 553)]

Plank 
last_path = [[0,0,0],[1,0,0],[0,1,0],[0,0,1],[1,1,0],[0,1,1],[1,0,1],[1,1,1]]
prefix = [f"{i:03d}" for i in range(553, 561)]

Pushup 			
last_path = [[0,0,0,0,0],[1,0,0,0,0],[0,1,0,0,0],[0,0,1,0,0],[0,0,0,1,0],[0,0,0,0,1],[1,1,0,0,0],[1,0,1,0,0],[1,0,0,1,0],
			 [1,0,0,0,1],[0,1,1,0,0],[0,1,0,1,0],[0,1,0,0,1],[0,0,1,1,0],[0,0,1,0,1],[0,0,0,1,1],[0,0,1,1,1],[0,1,0,1,1],
			 [0,1,1,0,1],[0,1,1,1,0],[1,0,0,1,1],[1,0,1,0,1],[1,0,1,1,0],[1,1,0,0,1],[1,1,0,1,0],[1,1,1,0,0],[0,1,1,1,1],
			 [1,0,1,1,1],[1,1,0,1,1],[1,1,1,0,1],[1,1,1,1,0],[1,1,1,1,1]]		
prefix = [f"{i:03d}" for i in range(561, 593)]

KneePushup 		
last_path = [[0,0,0,0,0],[1,0,0,0,0],[0,1,0,0,0],[0,0,1,0,0],[0,0,0,1,0],[0,0,0,0,1],[1,1,0,0,0],[1,0,1,0,0],[1,0,0,1,0],
			 [1,0,0,0,1],[0,1,1,0,0],[0,1,0,1,0],[0,1,0,0,1],[0,0,1,1,0],[0,0,1,0,1],[0,0,0,1,1],[0,0,1,1,1],[0,1,0,1,1],
			 [0,1,1,0,1],[0,1,1,1,0],[1,0,0,1,1],[1,0,1,0,1],[1,0,1,1,0],[1,1,0,0,1],[1,1,0,1,0],[1,1,1,0,0],[0,1,1,1,1],
			 [1,0,1,1,1],[1,1,0,1,1],[1,1,1,0,1],[1,1,1,1,0],[1,1,1,1,1]]
prefix = [f"{i:03d}" for i in range(593, 625)]


⠀⠀⠀⠀⠀⠀⠀⠀⠀⠀⠀⠀⢀⠠⠄⠐⠒⠒⠒⠒⠂⠠⠄⡀⠀⠀⠀⠀⠀⠀⠀⠀⠀⠀⠀⠀⠀
⠀⠀⠀⠀⠀⠀⠀⠀⠀⠀⡠⠈⣀⠤⠐⠒⠒⠒⠒⠒⠒⠂⠄⡀⠑⡀⠀⠀⠀⠀⠀⠀⠀⠀⠀⠀⠀
⠀⠀⠀⠀⠀⠀⠀⠀⠀⠀⡅⠘⠄⣀⣀⣀⣀⣀⣀⡀⣀⡀⠄⠘⢀⠃⠀⠀⠀⠀⠀⠀⠀⠀⠀⠀⠀
⠀⠀⠀⠀⠀⠀⠀⠀⠀⠀⠈⠒⠤⠄⣀⣀⣀⣀⣀⣀⣀⣀⠤⠐⠁⠀⠀⠀⠀⠀⠀⠀⠀⠀⠀⠀⠀
⠀⠀⢀⣤⣦⣤⡀⠀⠀⠀⢀⣠⣶⠾⠟⠛⠋⠉⠉⠉⠉⠛⠛⠿⢷⣦⣀⠀⠀⠀⣠⣴⣶⣦⡀⠀⠀
⠀⠀⣾⡟⠉⠙⠿⣷⣤⣼⠟⠁⠀⠀⠀⠀⠀⠀⠀⠀⠀⠀⠀⠀⠀⠈⠛⢷⠾⠟⠛⠉⠀⢹⣷⠀⠀
⠀⠀⢻⣇⠀⠀⠀⠀⠀⠀⠀⠀⠀⠀⠀⠀⠀⠀⠀⠀⠀⠀⠀⠀⠀⠀⠀⠀⠀⠀⠀⠀⠀⣼⡟⠀⠀
⠀⠀⠀⠻⢷⣤⡀⠀⠀⠀⠀⠀⠀⠀⠀⠀⠀⠀⠀⠀⠀⠀⠀⠀⠀⠀⠀⠀⠀⠀⣠⣴⡾⠋⠀⠀⠀
⠀⠀⠀⠀⢀⣿⠃⠀⠀⠀⠀⠀⠀⠀⠀⠀⠀⠀⠀⠀⠀⠀⠀⠀⠀⠀⠀⠀⠀⠀⠹⣷⡀⠀⠀⠀⠀
⠀⠀⠀⠀⣾⡏⠀⠀⠀⠀⠀⠀⢀⡀⠀⠀⠀⠀⠀⠀⠀⢀⣀⠀⠀⠀⠀⠀⠀⠀⠀⢹⣧⠀⠀⠀⠀
⠀⠀⠀⢀⣿⠃⠀⠀⢀⣤⣶⠿⠛⠋⠀⠀⠀⠀⠀⠀⠀⠉⠛⠻⠿⢶⣦⠀⠀⠀⠀⠀⣿⡄⠀⠀⠀
⠀⠀⠀⢸⡿⠀⠀⠀⠈⣩⣤⣄⠀⠀⠐⢦⡴⠶⢦⣤⡶⠀⠀⢠⣶⣶⡄⠀⠀⠀⠀⠀⢸⣧⠀⠀⠀
⠀⠀⠀⣾⡇⠀⠀⠀⠀⠈⠉⠁⠀⠀⠀⠀⠀⠀⠀⠀⠀⠀⠀⠀⠀⠀⠀⠀⠀⠀⠀⠀⠈⣿⠀⠀⠀
⠀⠀⠀⣿⡇⠀⠀⠀⠀⠀⠀⠀⠀⠀⠀⠀⠀⠀⠀⠀⠀⠀⠀⠀⠀⠀⠀⠀⠀⠀⠀⠀⠀⢿⡆⠀⠀
⠀⠀⢠⣿⠀⠀⠀⠀⠀⠀⠀⠀⠀⠀⠀⠀⠀⠀⠀⠀⠀⠀⠀⠀⠀⠀⠀⠀⠀⠀⠀⠀⠀⢸⣷⠀⠀
⠀⣠⣿⠛⠀⠀⠀⠀⠀⠀⠀⠀⠀⠀⠀⠀⠀⠀⠀⠀⠀⠀⠀⠀⠀⠀⠀⠀⠀⠀⠀⠀⠀⠀⢿⣧⠀
⢠⣿⠀⠀⠀⠀⠀⠀⠀⠀⠀⠀⠀⠀⠀⠀⠀⠀⠀⠀⠀⠀⠀⠀⠀⠀⠀⣀⣀⣀⣀⠀⠀⠀⠀⢻⡇
⠈⠿⣾⣤⣴⣾⣿⣿⣿⣷⣦⣀⡀⠀⣀⣤⣶⣿⣿⣿⣷⣤⣀⢀⢀⣠⣾⣿⣿⣿⣿⡷⣦⣤⣤⣿⠇
⠀⠀⠀⠀⠀⠀⠈⠋⠛⠋⠉⠛⠛⠛⠛⠋⠉⠙⠛⠋⠁⠉⠉⠛⠛⠋⠁⠈⠉⠉⠁⠀⠈⠉⠉⠀⠀

⠀⠀⠀⠀⠀⠀⠀⠀⠀⠀⠀⠀⠀⠀⠈⢻⢷⣷⣣⠀⠀⠀⠀⠀⠀⠀⠀⠀
⠀⠀⠀⠀⠀⠀⠀⣀⣀⣀⡀⠀⠀⠀⠀⠀⠀⠀⢏⣿⣿⡵⡀⠀⠀⠀⠀⠀⠀⠀
⠀⠀⠀⠀⣠⣮⣷⣿⣿⣿⣿⣷⣄⣄⠀⠀⠀⠀⠈⢞⣿⣿⡵⡀⠀⠀⠀⠀⠀
⠀⠀⡠⣿⣿⣿⣿⣿⣿⣿⣿⣿⣧⣏⢦⣤⡀⠀⠀⠀⠫⣻⣿⣾⢄⠀⠀⠀
⠀⣔⣿⣿⣿⣿⣿⣿⠿⣿⠻⢟⣿⣿⣿⣿⣿⡆⠀⠀⠀⠑⡿⣿⣯⢆⠀⠀
⢰⣸⢿⣻⢟⠃⠉⠉⠀⡠⠤⠸⣸⣿⣿⣿⡳⠁⠀⠀⠀⠀⡨⠺⠿⠇⢓⡄
⠧⠊⠁⠘⣖⣳⠠⣶⣋⡹⠁⠀⠛⣩⢻⠋⠀⠀⠀⠀⠀⢀⠇⠀⠀⠀⠀⢾⠀
⠀⠀⢠⠂⠁⠓⠒⠊⠀⡠⠤⡀⢠⠀⠚⠀⠀⠀⠀⠀⡠⠊⢀⠤⡤⣔⠩⠼⡀
⠀⠀⢇⠀⠀⢀⡠⢔⣪⠠⠖⠇⡘⠀⠀⠀⢀⠄⠒⠉⢀⠔⠁⠀⣧⢞⠮⠭⠵⡀
⠀⠀⠘⠒⠉⣾⣀⣀⠀⣀⣀⠦⠗⠹⠙⠃⠁⠀⡠⠔⡡⠔⠒⠉⡨⢴⢹⣿⣏⡆
⠀⠀⠀⠀⡸⠉⠀⠀⠁⠀⠀⠀⠀⣇⡠⡄⡶⠯⠔⠈⠀⠀⡠⠊⠀⠀⡿⣿⣿⡇
⠀⠀⠀⢀⠇⠀⠀⠀⠀⢀⣀⠤⡤⠵⠊⢸⠀⡠⠤⠤⠐⠉⠀⠀⠀⠀⣷⣿⢿⡇
⠀⠀⢀⠃⠀⢀⣀⣀⣀⣠⣀⣀⣿⠉⠉⠉⠉⠀⠀